   38.1500    38.1500    -543.4350     562.5750
   38.1500    38.1500    -505.2850     562.5750
   38.1500    38.1500    -467.1350     562.5750
   38.1500    38.1500    -428.9850     562.5750
   38.1500    38.1500    -390.8350     562.5750
   38.1500    38.1500    -352.6850     562.5750
   38.1500    38.1500    -314.5350     562.5750
   38.1500    38.1500    -276.3850     562.5750
   38.1500    38.1500    -238.2350     562.5750
   38.1500    38.1500    -200.0850     562.5750
   38.1500    38.1500    -161.9350     562.5750
   38.1500    38.1500    -123.7850     562.5750
   38.1500    38.1500     -85.6350     562.5750
   38.1500    38.1500     -47.4850     562.5750
   38.1500    38.1500      -9.3350     562.5750
   38.1500    38.1500      28.8150     562.5750
   38.1500    38.1500      66.9650     562.5750
   38.1500    38.1500     105.1150     562.5750
   38.1500    38.1500     143.2650     562.5750
   38.1500    38.1500     181.4150     562.5750
   38.1500    38.1500     219.5650     562.5750
   38.1500    38.1500     257.7150     562.5750
   38.1500    38.1500     295.8650     562.5750
   38.1500    38.1500     334.0150     562.5750
   38.1500    38.1500     372.1650     543.7750
   38.1500    38.1500     410.3150     543.7750
   38.1500    38.1500     448.4650     543.7750
   38.1500    38.1500     486.6150     543.7750
   38.1500    38.1500     524.7650     543.7750
   38.1500    38.1500     562.9150     543.7750
   38.1500    38.1500    -543.4350     524.4250
   38.1500    38.1500    -505.2850     524.4250
   38.1500    38.1500    -467.1350     524.4250
   38.1500    38.1500    -428.9850     524.4250
   38.1500    38.1500    -390.8350     524.4250
   38.1500    38.1500    -352.6850     524.4250
   38.1500    38.1500    -314.5350     524.4250
   38.1500    38.1500    -276.3850     524.4250
   38.1500    38.1500    -238.2350     524.4250
   38.1500    38.1500    -200.0850     524.4250
   38.1500    38.1500    -161.9350     524.4250
   38.1500    38.1500    -123.7850     524.4250
   38.1500    38.1500     -85.6350     524.4250
   38.1500    38.1500     -47.4850     524.4250
   38.1500    38.1500      -9.3350     524.4250
   38.1500    38.1500      28.8150     524.4250
   38.1500    38.1500      66.9650     524.4250
   38.1500    38.1500     105.1150     524.4250
   38.1500    38.1500     143.2650     524.4250
   38.1500    38.1500     181.4150     524.4250
   38.1500    38.1500     219.5650     524.4250
   38.1500    38.1500     257.7150     524.4250
   38.1500    38.1500     295.8650     524.4250
   38.1500    38.1500     334.0150     524.4250
   38.1500    38.1500     372.1650     505.6250
   38.1500    38.1500     410.3150     505.6250
   38.1500    38.1500     448.4650     505.6250
   38.1500    38.1500     486.6150     505.6250
   38.1500    38.1500     524.7650     505.6250
   38.1500    38.1500     562.9150     505.6250
   38.1500    38.1500    -543.4350     486.2750
   38.1500    38.1500    -505.2850     486.2750
   38.1500    38.1500    -467.1350     486.2750
   38.1500    38.1500    -428.9850     486.2750
   38.1500    38.1500    -390.8350     486.2750
   38.1500    38.1500    -352.6850     486.2750
   38.1500    38.1500    -314.5350     486.2750
   38.1500    38.1500    -276.3850     486.2750
   38.1500    38.1500    -238.2350     486.2750
   38.1500    38.1500    -200.0850     486.2750
   38.1500    38.1500    -161.9350     486.2750
   38.1500    38.1500    -123.7850     486.2750
   38.1500    38.1500     -85.6350     486.2750
   38.1500    38.1500     -47.4850     486.2750
   38.1500    38.1500      -9.3350     486.2750
   38.1500    38.1500      28.8150     486.2750
   38.1500    38.1500      66.9650     486.2750
   38.1500    38.1500     105.1150     486.2750
   38.1500    38.1500     143.2650     486.2750
   38.1500    38.1500     181.4150     486.2750
   38.1500    38.1500     219.5650     486.2750
   38.1500    38.1500     257.7150     486.2750
   38.1500    38.1500     295.8650     486.2750
   38.1500    38.1500     334.0150     486.2750
   38.1500    38.1500     372.1650     467.4750
   38.1500    38.1500     410.3150     467.4750
   38.1500    38.1500     448.4650     467.4750
   38.1500    38.1500     486.6150     467.4750
   38.1500    38.1500     524.7650     467.4750
   38.1500    38.1500     562.9150     467.4750
   38.1500    38.1500    -543.4350     448.1250
   38.1500    38.1500    -505.2850     448.1250
   38.1500    38.1500    -467.1350     448.1250
   38.1500    38.1500    -428.9850     448.1250
   38.1500    38.1500    -390.8350     448.1250
   38.1500    38.1500    -352.6850     448.1250
   38.1500    38.1500    -314.5350     448.1250
   38.1500    38.1500    -276.3850     448.1250
   38.1500    38.1500    -238.2350     448.1250
   38.1500    38.1500    -200.0850     448.1250
   38.1500    38.1500    -161.9350     448.1250
   38.1500    38.1500    -123.7850     448.1250
   38.1500    38.1500     -85.6350     448.1250
   38.1500    38.1500     -47.4850     448.1250
   38.1500    38.1500      -9.3350     448.1250
   38.1500    38.1500      28.8150     448.1250
   38.1500    38.1500      66.9650     448.1250
   38.1500    38.1500     105.1150     448.1250
   38.1500    38.1500     143.2650     448.1250
   38.1500    38.1500     181.4150     448.1250
   38.1500    38.1500     219.5650     448.1250
   38.1500    38.1500     257.7150     448.1250
   38.1500    38.1500     295.8650     448.1250
   38.1500    38.1500     334.0150     448.1250
   38.1500    38.1500     372.1650     429.3250
   38.1500    38.1500     410.3150     429.3250
   38.1500    38.1500     448.4650     429.3250
   38.1500    38.1500     486.6150     429.3250
   38.1500    38.1500     524.7650     429.3250
   38.1500    38.1500     562.9150     429.3250
   38.1500    38.1500    -543.4350     409.9750
   38.1500    38.1500    -505.2850     409.9750
   38.1500    38.1500    -467.1350     409.9750
   38.1500    38.1500    -428.9850     409.9750
   38.1500    38.1500    -390.8350     409.9750
   38.1500    38.1500    -352.6850     409.9750
   38.1500    38.1500    -314.5350     409.9750
   38.1500    38.1500    -276.3850     409.9750
   38.1500    38.1500    -238.2350     409.9750
   38.1500    38.1500    -200.0850     409.9750
   38.1500    38.1500    -161.9350     409.9750
   38.1500    38.1500    -123.7850     409.9750
   38.1500    38.1500     -85.6350     409.9750
   38.1500    38.1500     -47.4850     409.9750
   38.1500    38.1500      -9.3350     409.9750
   38.1500    38.1500      28.8150     409.9750
   38.1500    38.1500      66.9650     409.9750
   38.1500    38.1500     105.1150     409.9750
   38.1500    38.1500     143.2650     409.9750
   38.1500    38.1500     181.4150     409.9750
   38.1500    38.1500     219.5650     409.9750
   38.1500    38.1500     257.7150     409.9750
   38.1500    38.1500     295.8650     409.9750
   38.1500    38.1500     334.0150     409.9750
   38.1500    38.1500     372.1650     391.1750
   38.1500    38.1500     410.3150     391.1750
   38.1500    38.1500     448.4650     391.1750
   38.1500    38.1500     486.6150     391.1750
   38.1500    38.1500     524.7650     391.1750
   38.1500    38.1500     562.9150     391.1750
   38.1500    38.1500    -543.4350     371.8250
   38.1500    38.1500    -505.2850     371.8250
   38.1500    38.1500    -467.1350     371.8250
   38.1500    38.1500    -428.9850     371.8250
   38.1500    38.1500    -390.8350     371.8250
   38.1500    38.1500    -352.6850     371.8250
   38.1500    38.1500    -314.5350     371.8250
   38.1500    38.1500    -276.3850     371.8250
   38.1500    38.1500    -238.2350     371.8250
   38.1500    38.1500    -200.0850     371.8250
   38.1500    38.1500    -161.9350     371.8250
   38.1500    38.1500    -123.7850     371.8250
   38.1500    38.1500     -85.6350     371.8250
   38.1500    38.1500     -47.4850     371.8250
   38.1500    38.1500      -9.3350     371.8250
   38.1500    38.1500      28.8150     371.8250
   38.1500    38.1500      66.9650     371.8250
   38.1500    38.1500     105.1150     371.8250
   38.1500    38.1500     143.2650     371.8250
   38.1500    38.1500     181.4150     371.8250
   38.1500    38.1500     219.5650     371.8250
   38.1500    38.1500     257.7150     371.8250
   38.1500    38.1500     295.8650     371.8250
   38.1500    38.1500     334.0150     371.8250
   38.1500    38.1500     372.1650     353.0250
   38.1500    38.1500     410.3150     353.0250
   38.1500    38.1500     448.4650     353.0250
   38.1500    38.1500     486.6150     353.0250
   38.1500    38.1500     524.7650     353.0250
   38.1500    38.1500     562.9150     353.0250
   38.1500    38.1500    -562.9150     333.6750
   38.1500    38.1500    -524.7650     333.6750
   38.1500    38.1500    -486.6150     333.6750
   38.1500    38.1500    -448.4650     333.6750
   38.1500    38.1500    -410.3150     333.6750
   38.1500    38.1500    -372.1650     333.6750
   38.1500    38.1500     372.1650     314.8750
   38.1500    38.1500     410.3150     314.8750
   38.1500    38.1500     448.4650     314.8750
   38.1500    38.1500     486.6150     314.8750
   38.1500    38.1500     524.7650     314.8750
   38.1500    38.1500     562.9150     314.8750
   38.1500    38.1500    -562.9150     295.5250
   38.1500    38.1500    -524.7650     295.5250
   38.1500    38.1500    -486.6150     295.5250
   38.1500    38.1500    -448.4650     295.5250
   38.1500    38.1500    -410.3150     295.5250
   38.1500    38.1500    -372.1650     295.5250
   38.1500    38.1500     372.1650     276.7250
   38.1500    38.1500     410.3150     276.7250
   38.1500    38.1500     448.4650     276.7250
   38.1500    38.1500     486.6150     276.7250
   38.1500    38.1500     524.7650     276.7250
   38.1500    38.1500     562.9150     276.7250
   38.1500    38.1500    -562.9150     257.3750
   38.1500    38.1500    -524.7650     257.3750
   38.1500    38.1500    -486.6150     257.3750
   38.1500    38.1500    -448.4650     257.3750
   38.1500    38.1500    -410.3150     257.3750
   38.1500    38.1500    -372.1650     257.3750
   38.1500    38.1500     372.1650     238.5750
   38.1500    38.1500     410.3150     238.5750
   38.1500    38.1500     448.4650     238.5750
   38.1500    38.1500     486.6150     238.5750
   38.1500    38.1500     524.7650     238.5750
   38.1500    38.1500     562.9150     238.5750
   38.1500    38.1500    -562.9150     219.2250
   38.1500    38.1500    -524.7650     219.2250
   38.1500    38.1500    -486.6150     219.2250
   38.1500    38.1500    -448.4650     219.2250
   38.1500    38.1500    -410.3150     219.2250
   38.1500    38.1500    -372.1650     219.2250
   38.1500    38.1500     372.1650     200.4250
   38.1500    38.1500     410.3150     200.4250
   38.1500    38.1500     448.4650     200.4250
   38.1500    38.1500     486.6150     200.4250
   38.1500    38.1500     524.7650     200.4250
   38.1500    38.1500     562.9150     200.4250
   38.1500    38.1500    -562.9150     181.0750
   38.1500    38.1500    -524.7650     181.0750
   38.1500    38.1500    -486.6150     181.0750
   38.1500    38.1500    -448.4650     181.0750
   38.1500    38.1500    -410.3150     181.0750
   38.1500    38.1500    -372.1650     181.0750
   38.1500    38.1500     372.1650     162.2750
   38.1500    38.1500     410.3150     162.2750
   38.1500    38.1500     448.4650     162.2750
   38.1500    38.1500     486.6150     162.2750
   38.1500    38.1500     524.7650     162.2750
   38.1500    38.1500     562.9150     162.2750
   38.1500    38.1500    -562.9150     142.9250
   38.1500    38.1500    -524.7650     142.9250
   38.1500    38.1500    -486.6150     142.9250
   38.1500    38.1500    -448.4650     142.9250
   38.1500    38.1500    -410.3150     142.9250
   38.1500    38.1500    -372.1650     142.9250
   38.1500    38.1500     372.1650     124.1250
   38.1500    38.1500     410.3150     124.1250
   38.1500    38.1500     448.4650     124.1250
   38.1500    38.1500     486.6150     124.1250
   38.1500    38.1500     524.7650     124.1250
   38.1500    38.1500     562.9150     124.1250
   38.1500    38.1500    -562.9150     104.7750
   38.1500    38.1500    -524.7650     104.7750
   38.1500    38.1500    -486.6150     104.7750
   38.1500    38.1500    -448.4650     104.7750
   38.1500    38.1500    -410.3150     104.7750
   38.1500    38.1500    -372.1650     104.7750
   38.1500    38.1500     372.1650      85.9750
   38.1500    38.1500     410.3150      85.9750
   38.1500    38.1500     448.4650      85.9750
   38.1500    38.1500     486.6150      85.9750
   38.1500    38.1500     524.7650      85.9750
   38.1500    38.1500     562.9150      85.9750
   38.1500    38.1500    -562.9150      66.6250
   38.1500    38.1500    -524.7650      66.6250
   38.1500    38.1500    -486.6150      66.6250
   38.1500    38.1500    -448.4650      66.6250
   38.1500    38.1500    -410.3150      66.6250
   38.1500    38.1500    -372.1650      66.6250
   38.1500    38.1500     372.1650      47.8250
   38.1500    38.1500     410.3150      47.8250
   38.1500    38.1500     448.4650      47.8250
   38.1500    38.1500     486.6150      47.8250
   38.1500    38.1500     524.7650      47.8250
   38.1500    38.1500     562.9150      47.8250
   38.1500    38.1500    -562.9150      28.4750
   38.1500    38.1500    -524.7650      28.4750
   38.1500    38.1500    -486.6150      28.4750
   38.1500    38.1500    -448.4650      28.4750
   38.1500    38.1500    -410.3150      28.4750
   38.1500    38.1500    -372.1650      28.4750
   38.1500    38.1500     372.1650       9.6750
   38.1500    38.1500     410.3150       9.6750
   38.1500    38.1500     448.4650       9.6750
   38.1500    38.1500     486.6150       9.6750
   38.1500    38.1500     524.7650       9.6750
   38.1500    38.1500     562.9150       9.6750
   38.1500    38.1500    -562.9150      -9.6750
   38.1500    38.1500    -524.7650      -9.6750
   38.1500    38.1500    -486.6150      -9.6750
   38.1500    38.1500    -448.4650      -9.6750
   38.1500    38.1500    -410.3150      -9.6750
   38.1500    38.1500    -372.1650      -9.6750
   38.1500    38.1500     372.1650     -28.4750
   38.1500    38.1500     410.3150     -28.4750
   38.1500    38.1500     448.4650     -28.4750
   38.1500    38.1500     486.6150     -28.4750
   38.1500    38.1500     524.7650     -28.4750
   38.1500    38.1500     562.9150     -28.4750
   38.1500    38.1500    -562.9150     -47.8250
   38.1500    38.1500    -524.7650     -47.8250
   38.1500    38.1500    -486.6150     -47.8250
   38.1500    38.1500    -448.4650     -47.8250
   38.1500    38.1500    -410.3150     -47.8250
   38.1500    38.1500    -372.1650     -47.8250
   38.1500    38.1500     372.1650     -66.6250
   38.1500    38.1500     410.3150     -66.6250
   38.1500    38.1500     448.4650     -66.6250
   38.1500    38.1500     486.6150     -66.6250
   38.1500    38.1500     524.7650     -66.6250
   38.1500    38.1500     562.9150     -66.6250
   38.1500    38.1500    -562.9150     -85.9750
   38.1500    38.1500    -524.7650     -85.9750
   38.1500    38.1500    -486.6150     -85.9750
   38.1500    38.1500    -448.4650     -85.9750
   38.1500    38.1500    -410.3150     -85.9750
   38.1500    38.1500    -372.1650     -85.9750
   38.1500    38.1500     372.1650    -104.7750
   38.1500    38.1500     410.3150    -104.7750
   38.1500    38.1500     448.4650    -104.7750
   38.1500    38.1500     486.6150    -104.7750
   38.1500    38.1500     524.7650    -104.7750
   38.1500    38.1500     562.9150    -104.7750
   38.1500    38.1500    -562.9150    -124.1250
   38.1500    38.1500    -524.7650    -124.1250
   38.1500    38.1500    -486.6150    -124.1250
   38.1500    38.1500    -448.4650    -124.1250
   38.1500    38.1500    -410.3150    -124.1250
   38.1500    38.1500    -372.1650    -124.1250
   38.1500    38.1500     372.1650    -142.9250
   38.1500    38.1500     410.3150    -142.9250
   38.1500    38.1500     448.4650    -142.9250
   38.1500    38.1500     486.6150    -142.9250
   38.1500    38.1500     524.7650    -142.9250
   38.1500    38.1500     562.9150    -142.9250
   38.1500    38.1500    -562.9150    -162.2750
   38.1500    38.1500    -524.7650    -162.2750
   38.1500    38.1500    -486.6150    -162.2750
   38.1500    38.1500    -448.4650    -162.2750
   38.1500    38.1500    -410.3150    -162.2750
   38.1500    38.1500    -372.1650    -162.2750
   38.1500    38.1500     372.1650    -181.0750
   38.1500    38.1500     410.3150    -181.0750
   38.1500    38.1500     448.4650    -181.0750
   38.1500    38.1500     486.6150    -181.0750
   38.1500    38.1500     524.7650    -181.0750
   38.1500    38.1500     562.9150    -181.0750
   38.1500    38.1500    -562.9150    -200.4250
   38.1500    38.1500    -524.7650    -200.4250
   38.1500    38.1500    -486.6150    -200.4250
   38.1500    38.1500    -448.4650    -200.4250
   38.1500    38.1500    -410.3150    -200.4250
   38.1500    38.1500    -372.1650    -200.4250
   38.1500    38.1500     372.1650    -219.2250
   38.1500    38.1500     410.3150    -219.2250
   38.1500    38.1500     448.4650    -219.2250
   38.1500    38.1500     486.6150    -219.2250
   38.1500    38.1500     524.7650    -219.2250
   38.1500    38.1500     562.9150    -219.2250
   38.1500    38.1500    -562.9150    -238.5750
   38.1500    38.1500    -524.7650    -238.5750
   38.1500    38.1500    -486.6150    -238.5750
   38.1500    38.1500    -448.4650    -238.5750
   38.1500    38.1500    -410.3150    -238.5750
   38.1500    38.1500    -372.1650    -238.5750
   38.1500    38.1500     372.1650    -257.3750
   38.1500    38.1500     410.3150    -257.3750
   38.1500    38.1500     448.4650    -257.3750
   38.1500    38.1500     486.6150    -257.3750
   38.1500    38.1500     524.7650    -257.3750
   38.1500    38.1500     562.9150    -257.3750
   38.1500    38.1500    -562.9150    -276.7250
   38.1500    38.1500    -524.7650    -276.7250
   38.1500    38.1500    -486.6150    -276.7250
   38.1500    38.1500    -448.4650    -276.7250
   38.1500    38.1500    -410.3150    -276.7250
   38.1500    38.1500    -372.1650    -276.7250
   38.1500    38.1500     372.1650    -295.5250
   38.1500    38.1500     410.3150    -295.5250
   38.1500    38.1500     448.4650    -295.5250
   38.1500    38.1500     486.6150    -295.5250
   38.1500    38.1500     524.7650    -295.5250
   38.1500    38.1500     562.9150    -295.5250
   38.1500    38.1500    -562.9150    -314.8750
   38.1500    38.1500    -524.7650    -314.8750
   38.1500    38.1500    -486.6150    -314.8750
   38.1500    38.1500    -448.4650    -314.8750
   38.1500    38.1500    -410.3150    -314.8750
   38.1500    38.1500    -372.1650    -314.8750
   38.1500    38.1500     372.1650    -333.6750
   38.1500    38.1500     410.3150    -333.6750
   38.1500    38.1500     448.4650    -333.6750
   38.1500    38.1500     486.6150    -333.6750
   38.1500    38.1500     524.7650    -333.6750
   38.1500    38.1500     562.9150    -333.6750
   38.1500    38.1500    -562.9150    -353.0250
   38.1500    38.1500    -524.7650    -353.0250
   38.1500    38.1500    -486.6150    -353.0250
   38.1500    38.1500    -448.4650    -353.0250
   38.1500    38.1500    -410.3150    -353.0250
   38.1500    38.1500    -372.1650    -353.0250
   38.1500    38.1500    -334.0150    -371.8250
   38.1500    38.1500    -295.8650    -371.8250
   38.1500    38.1500    -257.7150    -371.8250
   38.1500    38.1500    -219.5650    -371.8250
   38.1500    38.1500    -181.4150    -371.8250
   38.1500    38.1500    -143.2650    -371.8250
   38.1500    38.1500    -105.1150    -371.8250
   38.1500    38.1500     -66.9650    -371.8250
   38.1500    38.1500     -28.8150    -371.8250
   38.1500    38.1500       9.3350    -371.8250
   38.1500    38.1500      47.4850    -371.8250
   38.1500    38.1500      85.6350    -371.8250
   38.1500    38.1500     123.7850    -371.8250
   38.1500    38.1500     161.9350    -371.8250
   38.1500    38.1500     200.0850    -371.8250
   38.1500    38.1500     238.2350    -371.8250
   38.1500    38.1500     276.3850    -371.8250
   38.1500    38.1500     314.5350    -371.8250
   38.1500    38.1500     352.6850    -371.8250
   38.1500    38.1500     390.8350    -371.8250
   38.1500    38.1500     428.9850    -371.8250
   38.1500    38.1500     467.1350    -371.8250
   38.1500    38.1500     505.2850    -371.8250
   38.1500    38.1500     543.4350    -371.8250
   38.1500    38.1500    -562.9150    -391.1750
   38.1500    38.1500    -524.7650    -391.1750
   38.1500    38.1500    -486.6150    -391.1750
   38.1500    38.1500    -448.4650    -391.1750
   38.1500    38.1500    -410.3150    -391.1750
   38.1500    38.1500    -372.1650    -391.1750
   38.1500    38.1500    -334.0150    -409.9750
   38.1500    38.1500    -295.8650    -409.9750
   38.1500    38.1500    -257.7150    -409.9750
   38.1500    38.1500    -219.5650    -409.9750
   38.1500    38.1500    -181.4150    -409.9750
   38.1500    38.1500    -143.2650    -409.9750
   38.1500    38.1500    -105.1150    -409.9750
   38.1500    38.1500     -66.9650    -409.9750
   38.1500    38.1500     -28.8150    -409.9750
   38.1500    38.1500       9.3350    -409.9750
   38.1500    38.1500      47.4850    -409.9750
   38.1500    38.1500      85.6350    -409.9750
   38.1500    38.1500     123.7850    -409.9750
   38.1500    38.1500     161.9350    -409.9750
   38.1500    38.1500     200.0850    -409.9750
   38.1500    38.1500     238.2350    -409.9750
   38.1500    38.1500     276.3850    -409.9750
   38.1500    38.1500     314.5350    -409.9750
   38.1500    38.1500     352.6850    -409.9750
   38.1500    38.1500     390.8350    -409.9750
   38.1500    38.1500     428.9850    -409.9750
   38.1500    38.1500     467.1350    -409.9750
   38.1500    38.1500     505.2850    -409.9750
   38.1500    38.1500     543.4350    -409.9750
   38.1500    38.1500    -562.9150    -429.3250
   38.1500    38.1500    -524.7650    -429.3250
   38.1500    38.1500    -486.6150    -429.3250
   38.1500    38.1500    -448.4650    -429.3250
   38.1500    38.1500    -410.3150    -429.3250
   38.1500    38.1500    -372.1650    -429.3250
   38.1500    38.1500    -334.0150    -448.1250
   38.1500    38.1500    -295.8650    -448.1250
   38.1500    38.1500    -257.7150    -448.1250
   38.1500    38.1500    -219.5650    -448.1250
   38.1500    38.1500    -181.4150    -448.1250
   38.1500    38.1500    -143.2650    -448.1250
   38.1500    38.1500    -105.1150    -448.1250
   38.1500    38.1500     -66.9650    -448.1250
   38.1500    38.1500     -28.8150    -448.1250
   38.1500    38.1500       9.3350    -448.1250
   38.1500    38.1500      47.4850    -448.1250
   38.1500    38.1500      85.6350    -448.1250
   38.1500    38.1500     123.7850    -448.1250
   38.1500    38.1500     161.9350    -448.1250
   38.1500    38.1500     200.0850    -448.1250
   38.1500    38.1500     238.2350    -448.1250
   38.1500    38.1500     276.3850    -448.1250
   38.1500    38.1500     314.5350    -448.1250
   38.1500    38.1500     352.6850    -448.1250
   38.1500    38.1500     390.8350    -448.1250
   38.1500    38.1500     428.9850    -448.1250
   38.1500    38.1500     467.1350    -448.1250
   38.1500    38.1500     505.2850    -448.1250
   38.1500    38.1500     543.4350    -448.1250
   38.1500    38.1500    -562.9150    -467.4750
   38.1500    38.1500    -524.7650    -467.4750
   38.1500    38.1500    -486.6150    -467.4750
   38.1500    38.1500    -448.4650    -467.4750
   38.1500    38.1500    -410.3150    -467.4750
   38.1500    38.1500    -372.1650    -467.4750
   38.1500    38.1500    -334.0150    -486.2750
   38.1500    38.1500    -295.8650    -486.2750
   38.1500    38.1500    -257.7150    -486.2750
   38.1500    38.1500    -219.5650    -486.2750
   38.1500    38.1500    -181.4150    -486.2750
   38.1500    38.1500    -143.2650    -486.2750
   38.1500    38.1500    -105.1150    -486.2750
   38.1500    38.1500     -66.9650    -486.2750
   38.1500    38.1500     -28.8150    -486.2750
   38.1500    38.1500       9.3350    -486.2750
   38.1500    38.1500      47.4850    -486.2750
   38.1500    38.1500      85.6350    -486.2750
   38.1500    38.1500     123.7850    -486.2750
   38.1500    38.1500     161.9350    -486.2750
   38.1500    38.1500     200.0850    -486.2750
   38.1500    38.1500     238.2350    -486.2750
   38.1500    38.1500     276.3850    -486.2750
   38.1500    38.1500     314.5350    -486.2750
   38.1500    38.1500     352.6850    -486.2750
   38.1500    38.1500     390.8350    -486.2750
   38.1500    38.1500     428.9850    -486.2750
   38.1500    38.1500     467.1350    -486.2750
   38.1500    38.1500     505.2850    -486.2750
   38.1500    38.1500     543.4350    -486.2750
   38.1500    38.1500    -562.9150    -505.6250
   38.1500    38.1500    -524.7650    -505.6250
   38.1500    38.1500    -486.6150    -505.6250
   38.1500    38.1500    -448.4650    -505.6250
   38.1500    38.1500    -410.3150    -505.6250
   38.1500    38.1500    -372.1650    -505.6250
   38.1500    38.1500    -334.0150    -524.4250
   38.1500    38.1500    -295.8650    -524.4250
   38.1500    38.1500    -257.7150    -524.4250
   38.1500    38.1500    -219.5650    -524.4250
   38.1500    38.1500    -181.4150    -524.4250
   38.1500    38.1500    -143.2650    -524.4250
   38.1500    38.1500    -105.1150    -524.4250
   38.1500    38.1500     -66.9650    -524.4250
   38.1500    38.1500     -28.8150    -524.4250
   38.1500    38.1500       9.3350    -524.4250
   38.1500    38.1500      47.4850    -524.4250
   38.1500    38.1500      85.6350    -524.4250
   38.1500    38.1500     123.7850    -524.4250
   38.1500    38.1500     161.9350    -524.4250
   38.1500    38.1500     200.0850    -524.4250
   38.1500    38.1500     238.2350    -524.4250
   38.1500    38.1500     276.3850    -524.4250
   38.1500    38.1500     314.5350    -524.4250
   38.1500    38.1500     352.6850    -524.4250
   38.1500    38.1500     390.8350    -524.4250
   38.1500    38.1500     428.9850    -524.4250
   38.1500    38.1500     467.1350    -524.4250
   38.1500    38.1500     505.2850    -524.4250
   38.1500    38.1500     543.4350    -524.4250
   38.1500    38.1500    -562.9150    -543.7750
   38.1500    38.1500    -524.7650    -543.7750
   38.1500    38.1500    -486.6150    -543.7750
   38.1500    38.1500    -448.4650    -543.7750
   38.1500    38.1500    -410.3150    -543.7750
   38.1500    38.1500    -372.1650    -543.7750
   38.1500    38.1500    -334.0150    -562.5750
   38.1500    38.1500    -295.8650    -562.5750
   38.1500    38.1500    -257.7150    -562.5750
   38.1500    38.1500    -219.5650    -562.5750
   38.1500    38.1500    -181.4150    -562.5750
   38.1500    38.1500    -143.2650    -562.5750
   38.1500    38.1500    -105.1150    -562.5750
   38.1500    38.1500     -66.9650    -562.5750
   38.1500    38.1500     -28.8150    -562.5750
   38.1500    38.1500       9.3350    -562.5750
   38.1500    38.1500      47.4850    -562.5750
   38.1500    38.1500      85.6350    -562.5750
   38.1500    38.1500     123.7850    -562.5750
   38.1500    38.1500     161.9350    -562.5750
   38.1500    38.1500     200.0850    -562.5750
   38.1500    38.1500     238.2350    -562.5750
   38.1500    38.1500     276.3850    -562.5750
   38.1500    38.1500     314.5350    -562.5750
   38.1500    38.1500     352.6850    -562.5750
   38.1500    38.1500     390.8350    -562.5750
   38.1500    38.1500     428.9850    -562.5750
   38.1500    38.1500     467.1350    -562.5750
   38.1500    38.1500     505.2850    -562.5750
   38.1500    38.1500     543.4350    -562.5750
   20.7700    20.7500    -342.7050     342.3750
   20.7700    20.7500    -321.9350     342.3750
   20.7700    20.7500    -301.1650     342.3750
   20.7700    20.7500    -280.3950     342.3750
   20.7700    20.7500    -259.6250     342.3750
   20.7700    20.7500    -238.8550     342.3750
   20.7700    20.7500    -218.0850     342.3750
   20.7700    20.7500    -197.3150     342.3750
   20.7700    20.7500    -176.5450     342.3750
   20.7700    20.7500    -155.7750     342.3750
   20.7700    20.7500    -135.0050     342.3750
   20.7700    20.7500    -114.2350     342.3750
   20.7700    20.7500     -93.4650     342.3750
   20.7700    20.7500     -72.6950     342.3750
   20.7700    20.7500     -51.9250     342.3750
   20.7700    20.7500     -31.1550     342.3750
   20.7700    20.7500     -10.3850     342.3750
   20.7700    20.7500      10.3850     342.3750
   20.7700    20.7500      31.1550     342.3750
   20.7700    20.7500      51.9250     342.3750
   20.7700    20.7500      72.6950     342.3750
   20.7700    20.7500      93.4650     342.3750
   20.7700    20.7500     114.2350     342.3750
   20.7700    20.7500     135.0050     342.3750
   20.7700    20.7500     155.7750     342.3750
   20.7700    20.7500     176.5450     342.3750
   20.7700    20.7500     197.3150     342.3750
   20.7700    20.7500     218.0850     342.3750
   20.7700    20.7500     238.8550     342.3750
   20.7700    20.7500     259.6250     342.3750
   20.7700    20.7500     280.3950     342.3750
   20.7700    20.7500     301.1650     342.3750
   20.7700    20.7500     321.9350     342.3750
   20.7700    20.7500     342.7050     342.3750
   20.7700    20.7500    -342.7050     321.6250
   20.7700    20.7500    -321.9350     321.6250
   20.7700    20.7500    -301.1650     321.6250
   20.7700    20.7500    -280.3950     321.6250
   20.7700    20.7500    -259.6250     321.6250
   20.7700    20.7500    -238.8550     321.6250
   20.7700    20.7500    -218.0850     321.6250
   20.7700    20.7500    -197.3150     321.6250
   20.7700    20.7500    -176.5450     321.6250
   20.7700    20.7500    -155.7750     321.6250
   20.7700    20.7500    -135.0050     321.6250
   20.7700    20.7500    -114.2350     321.6250
   20.7700    20.7500     -93.4650     321.6250
   20.7700    20.7500     -72.6950     321.6250
   20.7700    20.7500     -51.9250     321.6250
   20.7700    20.7500     -31.1550     321.6250
   20.7700    20.7500     -10.3850     321.6250
   20.7700    20.7500      10.3850     321.6250
   20.7700    20.7500      31.1550     321.6250
   20.7700    20.7500      51.9250     321.6250
   20.7700    20.7500      72.6950     321.6250
   20.7700    20.7500      93.4650     321.6250
   20.7700    20.7500     114.2350     321.6250
   20.7700    20.7500     135.0050     321.6250
   20.7700    20.7500     155.7750     321.6250
   20.7700    20.7500     176.5450     321.6250
   20.7700    20.7500     197.3150     321.6250
   20.7700    20.7500     218.0850     321.6250
   20.7700    20.7500     238.8550     321.6250
   20.7700    20.7500     259.6250     321.6250
   20.7700    20.7500     280.3950     321.6250
   20.7700    20.7500     301.1650     321.6250
   20.7700    20.7500     321.9350     321.6250
   20.7700    20.7500     342.7050     321.6250
   20.7700    20.7500    -342.7050     300.8750
   20.7700    20.7500    -321.9350     300.8750
   20.7700    20.7500    -301.1650     300.8750
   20.7700    20.7500    -280.3950     300.8750
   20.7700    20.7500    -259.6250     300.8750
   20.7700    20.7500    -238.8550     300.8750
   20.7700    20.7500    -218.0850     300.8750
   20.7700    20.7500    -197.3150     300.8750
   20.7700    20.7500    -176.5450     300.8750
   20.7700    20.7500    -155.7750     300.8750
   20.7700    20.7500    -135.0050     300.8750
   20.7700    20.7500    -114.2350     300.8750
   20.7700    20.7500     -93.4650     300.8750
   20.7700    20.7500     -72.6950     300.8750
   20.7700    20.7500     -51.9250     300.8750
   20.7700    20.7500     -31.1550     300.8750
   20.7700    20.7500     -10.3850     300.8750
   20.7700    20.7500      10.3850     300.8750
   20.7700    20.7500      31.1550     300.8750
   20.7700    20.7500      51.9250     300.8750
   20.7700    20.7500      72.6950     300.8750
   20.7700    20.7500      93.4650     300.8750
   20.7700    20.7500     114.2350     300.8750
   20.7700    20.7500     135.0050     300.8750
   20.7700    20.7500     155.7750     300.8750
   20.7700    20.7500     176.5450     300.8750
   20.7700    20.7500     197.3150     300.8750
   20.7700    20.7500     218.0850     300.8750
   20.7700    20.7500     238.8550     300.8750
   20.7700    20.7500     259.6250     300.8750
   20.7700    20.7500     280.3950     300.8750
   20.7700    20.7500     301.1650     300.8750
   20.7700    20.7500     321.9350     300.8750
   20.7700    20.7500     342.7050     300.8750
   20.7700    20.7500    -342.7050     280.1250
   20.7700    20.7500    -321.9350     280.1250
   20.7700    20.7500    -301.1650     280.1250
   20.7700    20.7500    -280.3950     280.1250
   20.7700    20.7500    -259.6250     280.1250
   20.7700    20.7500    -238.8550     280.1250
   20.7700    20.7500    -218.0850     280.1250
   20.7700    20.7500    -197.3150     280.1250
   20.7700    20.7500    -176.5450     280.1250
   20.7700    20.7500    -155.7750     280.1250
   20.7700    20.7500    -135.0050     280.1250
   20.7700    20.7500    -114.2350     280.1250
   20.7700    20.7500     -93.4650     280.1250
   20.7700    20.7500     -72.6950     280.1250
   20.7700    20.7500     -51.9250     280.1250
   20.7700    20.7500     -31.1550     280.1250
   20.7700    20.7500     -10.3850     280.1250
   20.7700    20.7500      10.3850     280.1250
   20.7700    20.7500      31.1550     280.1250
   20.7700    20.7500      51.9250     280.1250
   20.7700    20.7500      72.6950     280.1250
   20.7700    20.7500      93.4650     280.1250
   20.7700    20.7500     114.2350     280.1250
   20.7700    20.7500     135.0050     280.1250
   20.7700    20.7500     155.7750     280.1250
   20.7700    20.7500     176.5450     280.1250
   20.7700    20.7500     197.3150     280.1250
   20.7700    20.7500     218.0850     280.1250
   20.7700    20.7500     238.8550     280.1250
   20.7700    20.7500     259.6250     280.1250
   20.7700    20.7500     280.3950     280.1250
   20.7700    20.7500     301.1650     280.1250
   20.7700    20.7500     321.9350     280.1250
   20.7700    20.7500     342.7050     280.1250
   20.7700    20.7500    -342.7050     259.3750
   20.7700    20.7500    -321.9350     259.3750
   20.7700    20.7500    -301.1650     259.3750
   20.7700    20.7500    -280.3950     259.3750
   20.7700    20.7500    -259.6250     259.3750
   20.7700    20.7500    -238.8550     259.3750
   20.7700    20.7500    -218.0850     259.3750
   20.7700    20.7500    -197.3150     259.3750
   20.7700    20.7500    -176.5450     259.3750
   20.7700    20.7500    -155.7750     259.3750
   20.7700    20.7500    -135.0050     259.3750
   20.7700    20.7500    -114.2350     259.3750
   20.7700    20.7500     -93.4650     259.3750
   20.7700    20.7500     -72.6950     259.3750
   20.7700    20.7500     -51.9250     259.3750
   20.7700    20.7500     -31.1550     259.3750
   20.7700    20.7500     -10.3850     259.3750
   20.7700    20.7500      10.3850     259.3750
   20.7700    20.7500      31.1550     259.3750
   20.7700    20.7500      51.9250     259.3750
   20.7700    20.7500      72.6950     259.3750
   20.7700    20.7500      93.4650     259.3750
   20.7700    20.7500     114.2350     259.3750
   20.7700    20.7500     135.0050     259.3750
   20.7700    20.7500     155.7750     259.3750
   20.7700    20.7500     176.5450     259.3750
   20.7700    20.7500     197.3150     259.3750
   20.7700    20.7500     218.0850     259.3750
   20.7700    20.7500     238.8550     259.3750
   20.7700    20.7500     259.6250     259.3750
   20.7700    20.7500     280.3950     259.3750
   20.7700    20.7500     301.1650     259.3750
   20.7700    20.7500     321.9350     259.3750
   20.7700    20.7500     342.7050     259.3750
   20.7700    20.7500    -342.7050     238.6250
   20.7700    20.7500    -321.9350     238.6250
   20.7700    20.7500    -301.1650     238.6250
   20.7700    20.7500    -280.3950     238.6250
   20.7700    20.7500    -259.6250     238.6250
   20.7700    20.7500    -238.8550     238.6250
   20.7700    20.7500    -218.0850     238.6250
   20.7700    20.7500    -197.3150     238.6250
   20.7700    20.7500    -176.5450     238.6250
   20.7700    20.7500    -155.7750     238.6250
   20.7700    20.7500    -135.0050     238.6250
   20.7700    20.7500    -114.2350     238.6250
   20.7700    20.7500     -93.4650     238.6250
   20.7700    20.7500     -72.6950     238.6250
   20.7700    20.7500     -51.9250     238.6250
   20.7700    20.7500     -31.1550     238.6250
   20.7700    20.7500     -10.3850     238.6250
   20.7700    20.7500      10.3850     238.6250
   20.7700    20.7500      31.1550     238.6250
   20.7700    20.7500      51.9250     238.6250
   20.7700    20.7500      72.6950     238.6250
   20.7700    20.7500      93.4650     238.6250
   20.7700    20.7500     114.2350     238.6250
   20.7700    20.7500     135.0050     238.6250
   20.7700    20.7500     155.7750     238.6250
   20.7700    20.7500     176.5450     238.6250
   20.7700    20.7500     197.3150     238.6250
   20.7700    20.7500     218.0850     238.6250
   20.7700    20.7500     238.8550     238.6250
   20.7700    20.7500     259.6250     238.6250
   20.7700    20.7500     280.3950     238.6250
   20.7700    20.7500     301.1650     238.6250
   20.7700    20.7500     321.9350     238.6250
   20.7700    20.7500     342.7050     238.6250
   20.7700    20.7500    -342.7050     217.8750
   20.7700    20.7500    -321.9350     217.8750
   20.7700    20.7500    -301.1650     217.8750
   20.7700    20.7500    -280.3950     217.8750
   20.7700    20.7500    -259.6250     217.8750
   20.7700    20.7500    -238.8550     217.8750
   20.7700    20.7500    -218.0850     217.8750
   20.7700    20.7500    -197.3150     217.8750
   20.7700    20.7500    -176.5450     217.8750
   20.7700    20.7500    -155.7750     217.8750
   20.7700    20.7500    -135.0050     217.8750
   20.7700    20.7500    -114.2350     217.8750
   20.7700    20.7500     -93.4650     217.8750
   20.7700    20.7500     -72.6950     217.8750
   20.7700    20.7500     -51.9250     217.8750
   20.7700    20.7500     -31.1550     217.8750
   20.7700    20.7500     -10.3850     217.8750
   20.7700    20.7500      10.3850     217.8750
   20.7700    20.7500      31.1550     217.8750
   20.7700    20.7500      51.9250     217.8750
   20.7700    20.7500      72.6950     217.8750
   20.7700    20.7500      93.4650     217.8750
   20.7700    20.7500     114.2350     217.8750
   20.7700    20.7500     135.0050     217.8750
   20.7700    20.7500     155.7750     217.8750
   20.7700    20.7500     176.5450     217.8750
   20.7700    20.7500     197.3150     217.8750
   20.7700    20.7500     218.0850     217.8750
   20.7700    20.7500     238.8550     217.8750
   20.7700    20.7500     259.6250     217.8750
   20.7700    20.7500     280.3950     217.8750
   20.7700    20.7500     301.1650     217.8750
   20.7700    20.7500     321.9350     217.8750
   20.7700    20.7500     342.7050     217.8750
   20.7700    20.7500    -342.7050     197.1250
   20.7700    20.7500    -321.9350     197.1250
   20.7700    20.7500    -301.1650     197.1250
   20.7700    20.7500    -280.3950     197.1250
   20.7700    20.7500    -259.6250     197.1250
   20.7700    20.7500    -238.8550     197.1250
   20.7700    20.7500    -218.0850     197.1250
   20.7700    20.7500    -197.3150     197.1250
   20.7700    20.7500    -176.5450     197.1250
   20.7700    20.7500    -155.7750     197.1250
   20.7700    20.7500    -135.0050     197.1250
   20.7700    20.7500    -114.2350     197.1250
   20.7700    20.7500     -93.4650     197.1250
   20.7700    20.7500     -72.6950     197.1250
   20.7700    20.7500     -51.9250     197.1250
   20.7700    20.7500     -31.1550     197.1250
   20.7700    20.7500     -10.3850     197.1250
   20.7700    20.7500      10.3850     197.1250
   20.7700    20.7500      31.1550     197.1250
   20.7700    20.7500      51.9250     197.1250
   20.7700    20.7500      72.6950     197.1250
   20.7700    20.7500      93.4650     197.1250
   20.7700    20.7500     114.2350     197.1250
   20.7700    20.7500     135.0050     197.1250
   20.7700    20.7500     155.7750     197.1250
   20.7700    20.7500     176.5450     197.1250
   20.7700    20.7500     197.3150     197.1250
   20.7700    20.7500     218.0850     197.1250
   20.7700    20.7500     238.8550     197.1250
   20.7700    20.7500     259.6250     197.1250
   20.7700    20.7500     280.3950     197.1250
   20.7700    20.7500     301.1650     197.1250
   20.7700    20.7500     321.9350     197.1250
   20.7700    20.7500     342.7050     197.1250
   20.7700    20.7500    -342.7050     176.3750
   20.7700    20.7500    -321.9350     176.3750
   20.7700    20.7500    -301.1650     176.3750
   20.7700    20.7500    -280.3950     176.3750
   20.7700    20.7500    -259.6250     176.3750
   20.7700    20.7500    -238.8550     176.3750
   20.7700    20.7500    -218.0850     176.3750
   20.7700    20.7500    -197.3150     176.3750
   20.7700    20.7500    -176.5450     176.3750
   20.7700    20.7500    -155.7750     176.3750
   20.7700    20.7500    -135.0050     176.3750
   20.7700    20.7500    -114.2350     176.3750
   20.7700    20.7500     -93.4650     176.3750
   20.7700    20.7500     -72.6950     176.3750
   20.7700    20.7500     -51.9250     176.3750
   20.7700    20.7500     -31.1550     176.3750
   20.7700    20.7500     -10.3850     176.3750
   20.7700    20.7500      10.3850     176.3750
   20.7700    20.7500      31.1550     176.3750
   20.7700    20.7500      51.9250     176.3750
   20.7700    20.7500      72.6950     176.3750
   20.7700    20.7500      93.4650     176.3750
   20.7700    20.7500     114.2350     176.3750
   20.7700    20.7500     135.0050     176.3750
   20.7700    20.7500     155.7750     176.3750
   20.7700    20.7500     176.5450     176.3750
   20.7700    20.7500     197.3150     176.3750
   20.7700    20.7500     218.0850     176.3750
   20.7700    20.7500     238.8550     176.3750
   20.7700    20.7500     259.6250     176.3750
   20.7700    20.7500     280.3950     176.3750
   20.7700    20.7500     301.1650     176.3750
   20.7700    20.7500     321.9350     176.3750
   20.7700    20.7500     342.7050     176.3750
   20.7700    20.7500    -342.7050     155.6250
   20.7700    20.7500    -321.9350     155.6250
   20.7700    20.7500    -301.1650     155.6250
   20.7700    20.7500    -280.3950     155.6250
   20.7700    20.7500    -259.6250     155.6250
   20.7700    20.7500    -238.8550     155.6250
   20.7700    20.7500    -218.0850     155.6250
   20.7700    20.7500    -197.3150     155.6250
   20.7700    20.7500    -176.5450     155.6250
   20.7700    20.7500    -155.7750     155.6250
   20.7700    20.7500    -135.0050     155.6250
   20.7700    20.7500    -114.2350     155.6250
   20.7700    20.7500     -93.4650     155.6250
   20.7700    20.7500     -72.6950     155.6250
   20.7700    20.7500     -51.9250     155.6250
   20.7700    20.7500     -31.1550     155.6250
   20.7700    20.7500     -10.3850     155.6250
   20.7700    20.7500      10.3850     155.6250
   20.7700    20.7500      31.1550     155.6250
   20.7700    20.7500      51.9250     155.6250
   20.7700    20.7500      72.6950     155.6250
   20.7700    20.7500      93.4650     155.6250
   20.7700    20.7500     114.2350     155.6250
   20.7700    20.7500     135.0050     155.6250
   20.7700    20.7500     155.7750     155.6250
   20.7700    20.7500     176.5450     155.6250
   20.7700    20.7500     197.3150     155.6250
   20.7700    20.7500     218.0850     155.6250
   20.7700    20.7500     238.8550     155.6250
   20.7700    20.7500     259.6250     155.6250
   20.7700    20.7500     280.3950     155.6250
   20.7700    20.7500     301.1650     155.6250
   20.7700    20.7500     321.9350     155.6250
   20.7700    20.7500     342.7050     155.6250
   20.7700    20.7500    -342.7050     134.8750
   20.7700    20.7500    -321.9350     134.8750
   20.7700    20.7500    -301.1650     134.8750
   20.7700    20.7500    -280.3950     134.8750
   20.7700    20.7500    -259.6250     134.8750
   20.7700    20.7500    -238.8550     134.8750
   20.7700    20.7500    -218.0850     134.8750
   20.7700    20.7500    -197.3150     134.8750
   20.7700    20.7500    -176.5450     134.8750
   20.7700    20.7500    -155.7750     134.8750
   20.7700    20.7500    -135.0050     134.8750
   20.7700    20.7500    -114.2350     134.8750
   20.7700    20.7500     -93.4650     134.8750
   20.7700    20.7500     -72.6950     134.8750
   20.7700    20.7500     -51.9250     134.8750
   20.7700    20.7500     -31.1550     134.8750
   20.7700    20.7500     -10.3850     134.8750
   20.7700    20.7500      10.3850     134.8750
   20.7700    20.7500      31.1550     134.8750
   20.7700    20.7500      51.9250     134.8750
   20.7700    20.7500      72.6950     134.8750
   20.7700    20.7500      93.4650     134.8750
   20.7700    20.7500     114.2350     134.8750
   20.7700    20.7500     135.0050     134.8750
   20.7700    20.7500     155.7750     134.8750
   20.7700    20.7500     176.5450     134.8750
   20.7700    20.7500     197.3150     134.8750
   20.7700    20.7500     218.0850     134.8750
   20.7700    20.7500     238.8550     134.8750
   20.7700    20.7500     259.6250     134.8750
   20.7700    20.7500     280.3950     134.8750
   20.7700    20.7500     301.1650     134.8750
   20.7700    20.7500     321.9350     134.8750
   20.7700    20.7500     342.7050     134.8750
   20.7700    20.7500    -342.7050     114.1250
   20.7700    20.7500    -321.9350     114.1250
   20.7700    20.7500    -301.1650     114.1250
   20.7700    20.7500    -280.3950     114.1250
   20.7700    20.7500    -259.6250     114.1250
   20.7700    20.7500    -238.8550     114.1250
   20.7700    20.7500    -218.0850     114.1250
   20.7700    20.7500    -197.3150     114.1250
   20.7700    20.7500    -176.5450     114.1250
   20.7700    20.7500    -155.7750     114.1250
   20.7700    20.7500    -135.0050     114.1250
   20.7700    20.7500    -114.2350     114.1250
   20.7700    20.7500     -93.4650     114.1250
   20.7700    20.7500     -72.6950     114.1250
   20.7700    20.7500     -51.9250     114.1250
   20.7700    20.7500     -31.1550     114.1250
   20.7700    20.7500     -10.3850     114.1250
   20.7700    20.7500      10.3850     114.1250
   20.7700    20.7500      31.1550     114.1250
   20.7700    20.7500      51.9250     114.1250
   20.7700    20.7500      72.6950     114.1250
   20.7700    20.7500      93.4650     114.1250
   20.7700    20.7500     114.2350     114.1250
   20.7700    20.7500     135.0050     114.1250
   20.7700    20.7500     155.7750     114.1250
   20.7700    20.7500     176.5450     114.1250
   20.7700    20.7500     197.3150     114.1250
   20.7700    20.7500     218.0850     114.1250
   20.7700    20.7500     238.8550     114.1250
   20.7700    20.7500     259.6250     114.1250
   20.7700    20.7500     280.3950     114.1250
   20.7700    20.7500     301.1650     114.1250
   20.7700    20.7500     321.9350     114.1250
   20.7700    20.7500     342.7050     114.1250
   20.7700    20.7500    -342.7050      93.3750
   20.7700    20.7500    -321.9350      93.3750
   20.7700    20.7500    -301.1650      93.3750
   20.7700    20.7500    -280.3950      93.3750
   20.7700    20.7500    -259.6250      93.3750
   20.7700    20.7500    -238.8550      93.3750
   20.7700    20.7500    -218.0850      93.3750
   20.7700    20.7500    -197.3150      93.3750
   20.7700    20.7500    -176.5450      93.3750
   20.7700    20.7500    -155.7750      93.3750
   20.7700    20.7500    -135.0050      93.3750
   20.7700    20.7500    -114.2350      93.3750
   20.7700    20.7500     -93.4650      93.3750
   20.7700    20.7500     -72.6950      93.3750
   20.7700    20.7500     -51.9250      93.3750
   20.7700    20.7500     -31.1550      93.3750
   20.7700    20.7500     -10.3850      93.3750
   20.7700    20.7500      10.3850      93.3750
   20.7700    20.7500      31.1550      93.3750
   20.7700    20.7500      51.9250      93.3750
   20.7700    20.7500      72.6950      93.3750
   20.7700    20.7500      93.4650      93.3750
   20.7700    20.7500     114.2350      93.3750
   20.7700    20.7500     135.0050      93.3750
   20.7700    20.7500     155.7750      93.3750
   20.7700    20.7500     176.5450      93.3750
   20.7700    20.7500     197.3150      93.3750
   20.7700    20.7500     218.0850      93.3750
   20.7700    20.7500     238.8550      93.3750
   20.7700    20.7500     259.6250      93.3750
   20.7700    20.7500     280.3950      93.3750
   20.7700    20.7500     301.1650      93.3750
   20.7700    20.7500     321.9350      93.3750
   20.7700    20.7500     342.7050      93.3750
   20.7700    20.7500    -342.7050      72.6250
   20.7700    20.7500    -321.9350      72.6250
   20.7700    20.7500    -301.1650      72.6250
   20.7700    20.7500    -280.3950      72.6250
   20.7700    20.7500    -259.6250      72.6250
   20.7700    20.7500    -238.8550      72.6250
   20.7700    20.7500    -218.0850      72.6250
   20.7700    20.7500    -197.3150      72.6250
   20.7700    20.7500    -176.5450      72.6250
   20.7700    20.7500    -155.7750      72.6250
   20.7700    20.7500    -135.0050      72.6250
   20.7700    20.7500    -114.2350      72.6250
   20.7700    20.7500     -93.4650      72.6250
   20.7700    20.7500     -72.6950      72.6250
   20.7700    20.7500     -51.9250      72.6250
   20.7700    20.7500     -31.1550      72.6250
   20.7700    20.7500     -10.3850      72.6250
   20.7700    20.7500      10.3850      72.6250
   20.7700    20.7500      31.1550      72.6250
   20.7700    20.7500      51.9250      72.6250
   20.7700    20.7500      72.6950      72.6250
   20.7700    20.7500      93.4650      72.6250
   20.7700    20.7500     114.2350      72.6250
   20.7700    20.7500     135.0050      72.6250
   20.7700    20.7500     155.7750      72.6250
   20.7700    20.7500     176.5450      72.6250
   20.7700    20.7500     197.3150      72.6250
   20.7700    20.7500     218.0850      72.6250
   20.7700    20.7500     238.8550      72.6250
   20.7700    20.7500     259.6250      72.6250
   20.7700    20.7500     280.3950      72.6250
   20.7700    20.7500     301.1650      72.6250
   20.7700    20.7500     321.9350      72.6250
   20.7700    20.7500     342.7050      72.6250
   20.7700    20.7500    -342.7050      51.8750
   20.7700    20.7500    -321.9350      51.8750
   20.7700    20.7500    -301.1650      51.8750
   20.7700    20.7500    -280.3950      51.8750
   20.7700    20.7500    -259.6250      51.8750
   20.7700    20.7500    -238.8550      51.8750
   20.7700    20.7500    -218.0850      51.8750
   20.7700    20.7500    -197.3150      51.8750
   20.7700    20.7500    -176.5450      51.8750
   20.7700    20.7500    -155.7750      51.8750
   20.7700    20.7500    -135.0050      51.8750
   20.7700    20.7500    -114.2350      51.8750
   20.7700    20.7500     -93.4650      51.8750
   20.7700    20.7500     -72.6950      51.8750
   20.7700    20.7500     -51.9250      51.8750
   20.7700    20.7500     -31.1550      51.8750
   20.7700    20.7500     -10.3850      51.8750
   20.7700    20.7500      10.3850      51.8750
   20.7700    20.7500      31.1550      51.8750
   20.7700    20.7500      51.9250      51.8750
   20.7700    20.7500      72.6950      51.8750
   20.7700    20.7500      93.4650      51.8750
   20.7700    20.7500     114.2350      51.8750
   20.7700    20.7500     135.0050      51.8750
   20.7700    20.7500     155.7750      51.8750
   20.7700    20.7500     176.5450      51.8750
   20.7700    20.7500     197.3150      51.8750
   20.7700    20.7500     218.0850      51.8750
   20.7700    20.7500     238.8550      51.8750
   20.7700    20.7500     259.6250      51.8750
   20.7700    20.7500     280.3950      51.8750
   20.7700    20.7500     301.1650      51.8750
   20.7700    20.7500     321.9350      51.8750
   20.7700    20.7500     342.7050      51.8750
   20.7700    20.7500    -342.7050      31.1250
   20.7700    20.7500    -321.9350      31.1250
   20.7700    20.7500    -301.1650      31.1250
   20.7700    20.7500    -280.3950      31.1250
   20.7700    20.7500    -259.6250      31.1250
   20.7700    20.7500    -238.8550      31.1250
   20.7700    20.7500    -218.0850      31.1250
   20.7700    20.7500    -197.3150      31.1250
   20.7700    20.7500    -176.5450      31.1250
   20.7700    20.7500    -155.7750      31.1250
   20.7700    20.7500    -135.0050      31.1250
   20.7700    20.7500    -114.2350      31.1250
   20.7700    20.7500     -93.4650      31.1250
   20.7700    20.7500     -72.6950      31.1250
   20.7700    20.7500     -51.9250      31.1250
   20.7700    20.7500     -31.1550      31.1250
   20.7700    20.7500     -10.3850      31.1250
   20.7700    20.7500      10.3850      31.1250
   20.7700    20.7500      31.1550      31.1250
   20.7700    20.7500      51.9250      31.1250
   20.7700    20.7500      72.6950      31.1250
   20.7700    20.7500      93.4650      31.1250
   20.7700    20.7500     114.2350      31.1250
   20.7700    20.7500     135.0050      31.1250
   20.7700    20.7500     155.7750      31.1250
   20.7700    20.7500     176.5450      31.1250
   20.7700    20.7500     197.3150      31.1250
   20.7700    20.7500     218.0850      31.1250
   20.7700    20.7500     238.8550      31.1250
   20.7700    20.7500     259.6250      31.1250
   20.7700    20.7500     280.3950      31.1250
   20.7700    20.7500     301.1650      31.1250
   20.7700    20.7500     321.9350      31.1250
   20.7700    20.7500     342.7050      31.1250
   20.7700    20.7500    -342.7050      10.3750
   20.7700    20.7500    -321.9350      10.3750
   20.7700    20.7500    -301.1650      10.3750
   20.7700    20.7500    -280.3950      10.3750
   20.7700    20.7500    -259.6250      10.3750
   20.7700    20.7500    -238.8550      10.3750
   20.7700    20.7500    -218.0850      10.3750
   20.7700    20.7500    -197.3150      10.3750
   20.7700    20.7500    -176.5450      10.3750
   20.7700    20.7500    -155.7750      10.3750
   20.7700    20.7500    -135.0050      10.3750
   20.7700    20.7500    -114.2350      10.3750
   20.7700    20.7500     -93.4650      10.3750
   20.7700    20.7500     -72.6950      10.3750
   20.7700    20.7500     -51.9250      10.3750
   20.7700    20.7500     -31.1550      10.3750
   20.7700    20.7500      31.1550      10.3750
   20.7700    20.7500      51.9250      10.3750
   20.7700    20.7500      72.6950      10.3750
   20.7700    20.7500      93.4650      10.3750
   20.7700    20.7500     114.2350      10.3750
   20.7700    20.7500     135.0050      10.3750
   20.7700    20.7500     155.7750      10.3750
   20.7700    20.7500     176.5450      10.3750
   20.7700    20.7500     197.3150      10.3750
   20.7700    20.7500     218.0850      10.3750
   20.7700    20.7500     238.8550      10.3750
   20.7700    20.7500     259.6250      10.3750
   20.7700    20.7500     280.3950      10.3750
   20.7700    20.7500     301.1650      10.3750
   20.7700    20.7500     321.9350      10.3750
   20.7700    20.7500     342.7050      10.3750
   20.7700    20.7500    -342.7050     -10.3750
   20.7700    20.7500    -321.9350     -10.3750
   20.7700    20.7500    -301.1650     -10.3750
   20.7700    20.7500    -280.3950     -10.3750
   20.7700    20.7500    -259.6250     -10.3750
   20.7700    20.7500    -238.8550     -10.3750
   20.7700    20.7500    -218.0850     -10.3750
   20.7700    20.7500    -197.3150     -10.3750
   20.7700    20.7500    -176.5450     -10.3750
   20.7700    20.7500    -155.7750     -10.3750
   20.7700    20.7500    -135.0050     -10.3750
   20.7700    20.7500    -114.2350     -10.3750
   20.7700    20.7500     -93.4650     -10.3750
   20.7700    20.7500     -72.6950     -10.3750
   20.7700    20.7500     -51.9250     -10.3750
   20.7700    20.7500     -31.1550     -10.3750
   20.7700    20.7500      31.1550     -10.3750
   20.7700    20.7500      51.9250     -10.3750
   20.7700    20.7500      72.6950     -10.3750
   20.7700    20.7500      93.4650     -10.3750
   20.7700    20.7500     114.2350     -10.3750
   20.7700    20.7500     135.0050     -10.3750
   20.7700    20.7500     155.7750     -10.3750
   20.7700    20.7500     176.5450     -10.3750
   20.7700    20.7500     197.3150     -10.3750
   20.7700    20.7500     218.0850     -10.3750
   20.7700    20.7500     238.8550     -10.3750
   20.7700    20.7500     259.6250     -10.3750
   20.7700    20.7500     280.3950     -10.3750
   20.7700    20.7500     301.1650     -10.3750
   20.7700    20.7500     321.9350     -10.3750
   20.7700    20.7500     342.7050     -10.3750
   20.7700    20.7500    -342.7050     -31.1250
   20.7700    20.7500    -321.9350     -31.1250
   20.7700    20.7500    -301.1650     -31.1250
   20.7700    20.7500    -280.3950     -31.1250
   20.7700    20.7500    -259.6250     -31.1250
   20.7700    20.7500    -238.8550     -31.1250
   20.7700    20.7500    -218.0850     -31.1250
   20.7700    20.7500    -197.3150     -31.1250
   20.7700    20.7500    -176.5450     -31.1250
   20.7700    20.7500    -155.7750     -31.1250
   20.7700    20.7500    -135.0050     -31.1250
   20.7700    20.7500    -114.2350     -31.1250
   20.7700    20.7500     -93.4650     -31.1250
   20.7700    20.7500     -72.6950     -31.1250
   20.7700    20.7500     -51.9250     -31.1250
   20.7700    20.7500     -31.1550     -31.1250
   20.7700    20.7500     -10.3850     -31.1250
   20.7700    20.7500      10.3850     -31.1250
   20.7700    20.7500      31.1550     -31.1250
   20.7700    20.7500      51.9250     -31.1250
   20.7700    20.7500      72.6950     -31.1250
   20.7700    20.7500      93.4650     -31.1250
   20.7700    20.7500     114.2350     -31.1250
   20.7700    20.7500     135.0050     -31.1250
   20.7700    20.7500     155.7750     -31.1250
   20.7700    20.7500     176.5450     -31.1250
   20.7700    20.7500     197.3150     -31.1250
   20.7700    20.7500     218.0850     -31.1250
   20.7700    20.7500     238.8550     -31.1250
   20.7700    20.7500     259.6250     -31.1250
   20.7700    20.7500     280.3950     -31.1250
   20.7700    20.7500     301.1650     -31.1250
   20.7700    20.7500     321.9350     -31.1250
   20.7700    20.7500     342.7050     -31.1250
   20.7700    20.7500    -342.7050     -51.8750
   20.7700    20.7500    -321.9350     -51.8750
   20.7700    20.7500    -301.1650     -51.8750
   20.7700    20.7500    -280.3950     -51.8750
   20.7700    20.7500    -259.6250     -51.8750
   20.7700    20.7500    -238.8550     -51.8750
   20.7700    20.7500    -218.0850     -51.8750
   20.7700    20.7500    -197.3150     -51.8750
   20.7700    20.7500    -176.5450     -51.8750
   20.7700    20.7500    -155.7750     -51.8750
   20.7700    20.7500    -135.0050     -51.8750
   20.7700    20.7500    -114.2350     -51.8750
   20.7700    20.7500     -93.4650     -51.8750
   20.7700    20.7500     -72.6950     -51.8750
   20.7700    20.7500     -51.9250     -51.8750
   20.7700    20.7500     -31.1550     -51.8750
   20.7700    20.7500     -10.3850     -51.8750
   20.7700    20.7500      10.3850     -51.8750
   20.7700    20.7500      31.1550     -51.8750
   20.7700    20.7500      51.9250     -51.8750
   20.7700    20.7500      72.6950     -51.8750
   20.7700    20.7500      93.4650     -51.8750
   20.7700    20.7500     114.2350     -51.8750
   20.7700    20.7500     135.0050     -51.8750
   20.7700    20.7500     155.7750     -51.8750
   20.7700    20.7500     176.5450     -51.8750
   20.7700    20.7500     197.3150     -51.8750
   20.7700    20.7500     218.0850     -51.8750
   20.7700    20.7500     238.8550     -51.8750
   20.7700    20.7500     259.6250     -51.8750
   20.7700    20.7500     280.3950     -51.8750
   20.7700    20.7500     301.1650     -51.8750
   20.7700    20.7500     321.9350     -51.8750
   20.7700    20.7500     342.7050     -51.8750
   20.7700    20.7500    -342.7050     -72.6250
   20.7700    20.7500    -321.9350     -72.6250
   20.7700    20.7500    -301.1650     -72.6250
   20.7700    20.7500    -280.3950     -72.6250
   20.7700    20.7500    -259.6250     -72.6250
   20.7700    20.7500    -238.8550     -72.6250
   20.7700    20.7500    -218.0850     -72.6250
   20.7700    20.7500    -197.3150     -72.6250
   20.7700    20.7500    -176.5450     -72.6250
   20.7700    20.7500    -155.7750     -72.6250
   20.7700    20.7500    -135.0050     -72.6250
   20.7700    20.7500    -114.2350     -72.6250
   20.7700    20.7500     -93.4650     -72.6250
   20.7700    20.7500     -72.6950     -72.6250
   20.7700    20.7500     -51.9250     -72.6250
   20.7700    20.7500     -31.1550     -72.6250
   20.7700    20.7500     -10.3850     -72.6250
   20.7700    20.7500      10.3850     -72.6250
   20.7700    20.7500      31.1550     -72.6250
   20.7700    20.7500      51.9250     -72.6250
   20.7700    20.7500      72.6950     -72.6250
   20.7700    20.7500      93.4650     -72.6250
   20.7700    20.7500     114.2350     -72.6250
   20.7700    20.7500     135.0050     -72.6250
   20.7700    20.7500     155.7750     -72.6250
   20.7700    20.7500     176.5450     -72.6250
   20.7700    20.7500     197.3150     -72.6250
   20.7700    20.7500     218.0850     -72.6250
   20.7700    20.7500     238.8550     -72.6250
   20.7700    20.7500     259.6250     -72.6250
   20.7700    20.7500     280.3950     -72.6250
   20.7700    20.7500     301.1650     -72.6250
   20.7700    20.7500     321.9350     -72.6250
   20.7700    20.7500     342.7050     -72.6250
   20.7700    20.7500    -342.7050     -93.3750
   20.7700    20.7500    -321.9350     -93.3750
   20.7700    20.7500    -301.1650     -93.3750
   20.7700    20.7500    -280.3950     -93.3750
   20.7700    20.7500    -259.6250     -93.3750
   20.7700    20.7500    -238.8550     -93.3750
   20.7700    20.7500    -218.0850     -93.3750
   20.7700    20.7500    -197.3150     -93.3750
   20.7700    20.7500    -176.5450     -93.3750
   20.7700    20.7500    -155.7750     -93.3750
   20.7700    20.7500    -135.0050     -93.3750
   20.7700    20.7500    -114.2350     -93.3750
   20.7700    20.7500     -93.4650     -93.3750
   20.7700    20.7500     -72.6950     -93.3750
   20.7700    20.7500     -51.9250     -93.3750
   20.7700    20.7500     -31.1550     -93.3750
   20.7700    20.7500     -10.3850     -93.3750
   20.7700    20.7500      10.3850     -93.3750
   20.7700    20.7500      31.1550     -93.3750
   20.7700    20.7500      51.9250     -93.3750
   20.7700    20.7500      72.6950     -93.3750
   20.7700    20.7500      93.4650     -93.3750
   20.7700    20.7500     114.2350     -93.3750
   20.7700    20.7500     135.0050     -93.3750
   20.7700    20.7500     155.7750     -93.3750
   20.7700    20.7500     176.5450     -93.3750
   20.7700    20.7500     197.3150     -93.3750
   20.7700    20.7500     218.0850     -93.3750
   20.7700    20.7500     238.8550     -93.3750
   20.7700    20.7500     259.6250     -93.3750
   20.7700    20.7500     280.3950     -93.3750
   20.7700    20.7500     301.1650     -93.3750
   20.7700    20.7500     321.9350     -93.3750
   20.7700    20.7500     342.7050     -93.3750
   20.7700    20.7500    -342.7050    -114.1250
   20.7700    20.7500    -321.9350    -114.1250
   20.7700    20.7500    -301.1650    -114.1250
   20.7700    20.7500    -280.3950    -114.1250
   20.7700    20.7500    -259.6250    -114.1250
   20.7700    20.7500    -238.8550    -114.1250
   20.7700    20.7500    -218.0850    -114.1250
   20.7700    20.7500    -197.3150    -114.1250
   20.7700    20.7500    -176.5450    -114.1250
   20.7700    20.7500    -155.7750    -114.1250
   20.7700    20.7500    -135.0050    -114.1250
   20.7700    20.7500    -114.2350    -114.1250
   20.7700    20.7500     -93.4650    -114.1250
   20.7700    20.7500     -72.6950    -114.1250
   20.7700    20.7500     -51.9250    -114.1250
   20.7700    20.7500     -31.1550    -114.1250
   20.7700    20.7500     -10.3850    -114.1250
   20.7700    20.7500      10.3850    -114.1250
   20.7700    20.7500      31.1550    -114.1250
   20.7700    20.7500      51.9250    -114.1250
   20.7700    20.7500      72.6950    -114.1250
   20.7700    20.7500      93.4650    -114.1250
   20.7700    20.7500     114.2350    -114.1250
   20.7700    20.7500     135.0050    -114.1250
   20.7700    20.7500     155.7750    -114.1250
   20.7700    20.7500     176.5450    -114.1250
   20.7700    20.7500     197.3150    -114.1250
   20.7700    20.7500     218.0850    -114.1250
   20.7700    20.7500     238.8550    -114.1250
   20.7700    20.7500     259.6250    -114.1250
   20.7700    20.7500     280.3950    -114.1250
   20.7700    20.7500     301.1650    -114.1250
   20.7700    20.7500     321.9350    -114.1250
   20.7700    20.7500     342.7050    -114.1250
   20.7700    20.7500    -342.7050    -134.8750
   20.7700    20.7500    -321.9350    -134.8750
   20.7700    20.7500    -301.1650    -134.8750
   20.7700    20.7500    -280.3950    -134.8750
   20.7700    20.7500    -259.6250    -134.8750
   20.7700    20.7500    -238.8550    -134.8750
   20.7700    20.7500    -218.0850    -134.8750
   20.7700    20.7500    -197.3150    -134.8750
   20.7700    20.7500    -176.5450    -134.8750
   20.7700    20.7500    -155.7750    -134.8750
   20.7700    20.7500    -135.0050    -134.8750
   20.7700    20.7500    -114.2350    -134.8750
   20.7700    20.7500     -93.4650    -134.8750
   20.7700    20.7500     -72.6950    -134.8750
   20.7700    20.7500     -51.9250    -134.8750
   20.7700    20.7500     -31.1550    -134.8750
   20.7700    20.7500     -10.3850    -134.8750
   20.7700    20.7500      10.3850    -134.8750
   20.7700    20.7500      31.1550    -134.8750
   20.7700    20.7500      51.9250    -134.8750
   20.7700    20.7500      72.6950    -134.8750
   20.7700    20.7500      93.4650    -134.8750
   20.7700    20.7500     114.2350    -134.8750
   20.7700    20.7500     135.0050    -134.8750
   20.7700    20.7500     155.7750    -134.8750
   20.7700    20.7500     176.5450    -134.8750
   20.7700    20.7500     197.3150    -134.8750
   20.7700    20.7500     218.0850    -134.8750
   20.7700    20.7500     238.8550    -134.8750
   20.7700    20.7500     259.6250    -134.8750
   20.7700    20.7500     280.3950    -134.8750
   20.7700    20.7500     301.1650    -134.8750
   20.7700    20.7500     321.9350    -134.8750
   20.7700    20.7500     342.7050    -134.8750
   20.7700    20.7500    -342.7050    -155.6250
   20.7700    20.7500    -321.9350    -155.6250
   20.7700    20.7500    -301.1650    -155.6250
   20.7700    20.7500    -280.3950    -155.6250
   20.7700    20.7500    -259.6250    -155.6250
   20.7700    20.7500    -238.8550    -155.6250
   20.7700    20.7500    -218.0850    -155.6250
   20.7700    20.7500    -197.3150    -155.6250
   20.7700    20.7500    -176.5450    -155.6250
   20.7700    20.7500    -155.7750    -155.6250
   20.7700    20.7500    -135.0050    -155.6250
   20.7700    20.7500    -114.2350    -155.6250
   20.7700    20.7500     -93.4650    -155.6250
   20.7700    20.7500     -72.6950    -155.6250
   20.7700    20.7500     -51.9250    -155.6250
   20.7700    20.7500     -31.1550    -155.6250
   20.7700    20.7500     -10.3850    -155.6250
   20.7700    20.7500      10.3850    -155.6250
   20.7700    20.7500      31.1550    -155.6250
   20.7700    20.7500      51.9250    -155.6250
   20.7700    20.7500      72.6950    -155.6250
   20.7700    20.7500      93.4650    -155.6250
   20.7700    20.7500     114.2350    -155.6250
   20.7700    20.7500     135.0050    -155.6250
   20.7700    20.7500     155.7750    -155.6250
   20.7700    20.7500     176.5450    -155.6250
   20.7700    20.7500     197.3150    -155.6250
   20.7700    20.7500     218.0850    -155.6250
   20.7700    20.7500     238.8550    -155.6250
   20.7700    20.7500     259.6250    -155.6250
   20.7700    20.7500     280.3950    -155.6250
   20.7700    20.7500     301.1650    -155.6250
   20.7700    20.7500     321.9350    -155.6250
   20.7700    20.7500     342.7050    -155.6250
   20.7700    20.7500    -342.7050    -176.3750
   20.7700    20.7500    -321.9350    -176.3750
   20.7700    20.7500    -301.1650    -176.3750
   20.7700    20.7500    -280.3950    -176.3750
   20.7700    20.7500    -259.6250    -176.3750
   20.7700    20.7500    -238.8550    -176.3750
   20.7700    20.7500    -218.0850    -176.3750
   20.7700    20.7500    -197.3150    -176.3750
   20.7700    20.7500    -176.5450    -176.3750
   20.7700    20.7500    -155.7750    -176.3750
   20.7700    20.7500    -135.0050    -176.3750
   20.7700    20.7500    -114.2350    -176.3750
   20.7700    20.7500     -93.4650    -176.3750
   20.7700    20.7500     -72.6950    -176.3750
   20.7700    20.7500     -51.9250    -176.3750
   20.7700    20.7500     -31.1550    -176.3750
   20.7700    20.7500     -10.3850    -176.3750
   20.7700    20.7500      10.3850    -176.3750
   20.7700    20.7500      31.1550    -176.3750
   20.7700    20.7500      51.9250    -176.3750
   20.7700    20.7500      72.6950    -176.3750
   20.7700    20.7500      93.4650    -176.3750
   20.7700    20.7500     114.2350    -176.3750
   20.7700    20.7500     135.0050    -176.3750
   20.7700    20.7500     155.7750    -176.3750
   20.7700    20.7500     176.5450    -176.3750
   20.7700    20.7500     197.3150    -176.3750
   20.7700    20.7500     218.0850    -176.3750
   20.7700    20.7500     238.8550    -176.3750
   20.7700    20.7500     259.6250    -176.3750
   20.7700    20.7500     280.3950    -176.3750
   20.7700    20.7500     301.1650    -176.3750
   20.7700    20.7500     321.9350    -176.3750
   20.7700    20.7500     342.7050    -176.3750
   20.7700    20.7500    -342.7050    -197.1250
   20.7700    20.7500    -321.9350    -197.1250
   20.7700    20.7500    -301.1650    -197.1250
   20.7700    20.7500    -280.3950    -197.1250
   20.7700    20.7500    -259.6250    -197.1250
   20.7700    20.7500    -238.8550    -197.1250
   20.7700    20.7500    -218.0850    -197.1250
   20.7700    20.7500    -197.3150    -197.1250
   20.7700    20.7500    -176.5450    -197.1250
   20.7700    20.7500    -155.7750    -197.1250
   20.7700    20.7500    -135.0050    -197.1250
   20.7700    20.7500    -114.2350    -197.1250
   20.7700    20.7500     -93.4650    -197.1250
   20.7700    20.7500     -72.6950    -197.1250
   20.7700    20.7500     -51.9250    -197.1250
   20.7700    20.7500     -31.1550    -197.1250
   20.7700    20.7500     -10.3850    -197.1250
   20.7700    20.7500      10.3850    -197.1250
   20.7700    20.7500      31.1550    -197.1250
   20.7700    20.7500      51.9250    -197.1250
   20.7700    20.7500      72.6950    -197.1250
   20.7700    20.7500      93.4650    -197.1250
   20.7700    20.7500     114.2350    -197.1250
   20.7700    20.7500     135.0050    -197.1250
   20.7700    20.7500     155.7750    -197.1250
   20.7700    20.7500     176.5450    -197.1250
   20.7700    20.7500     197.3150    -197.1250
   20.7700    20.7500     218.0850    -197.1250
   20.7700    20.7500     238.8550    -197.1250
   20.7700    20.7500     259.6250    -197.1250
   20.7700    20.7500     280.3950    -197.1250
   20.7700    20.7500     301.1650    -197.1250
   20.7700    20.7500     321.9350    -197.1250
   20.7700    20.7500     342.7050    -197.1250
   20.7700    20.7500    -342.7050    -217.8750
   20.7700    20.7500    -321.9350    -217.8750
   20.7700    20.7500    -301.1650    -217.8750
   20.7700    20.7500    -280.3950    -217.8750
   20.7700    20.7500    -259.6250    -217.8750
   20.7700    20.7500    -238.8550    -217.8750
   20.7700    20.7500    -218.0850    -217.8750
   20.7700    20.7500    -197.3150    -217.8750
   20.7700    20.7500    -176.5450    -217.8750
   20.7700    20.7500    -155.7750    -217.8750
   20.7700    20.7500    -135.0050    -217.8750
   20.7700    20.7500    -114.2350    -217.8750
   20.7700    20.7500     -93.4650    -217.8750
   20.7700    20.7500     -72.6950    -217.8750
   20.7700    20.7500     -51.9250    -217.8750
   20.7700    20.7500     -31.1550    -217.8750
   20.7700    20.7500     -10.3850    -217.8750
   20.7700    20.7500      10.3850    -217.8750
   20.7700    20.7500      31.1550    -217.8750
   20.7700    20.7500      51.9250    -217.8750
   20.7700    20.7500      72.6950    -217.8750
   20.7700    20.7500      93.4650    -217.8750
   20.7700    20.7500     114.2350    -217.8750
   20.7700    20.7500     135.0050    -217.8750
   20.7700    20.7500     155.7750    -217.8750
   20.7700    20.7500     176.5450    -217.8750
   20.7700    20.7500     197.3150    -217.8750
   20.7700    20.7500     218.0850    -217.8750
   20.7700    20.7500     238.8550    -217.8750
   20.7700    20.7500     259.6250    -217.8750
   20.7700    20.7500     280.3950    -217.8750
   20.7700    20.7500     301.1650    -217.8750
   20.7700    20.7500     321.9350    -217.8750
   20.7700    20.7500     342.7050    -217.8750
   20.7700    20.7500    -342.7050    -238.6250
   20.7700    20.7500    -321.9350    -238.6250
   20.7700    20.7500    -301.1650    -238.6250
   20.7700    20.7500    -280.3950    -238.6250
   20.7700    20.7500    -259.6250    -238.6250
   20.7700    20.7500    -238.8550    -238.6250
   20.7700    20.7500    -218.0850    -238.6250
   20.7700    20.7500    -197.3150    -238.6250
   20.7700    20.7500    -176.5450    -238.6250
   20.7700    20.7500    -155.7750    -238.6250
   20.7700    20.7500    -135.0050    -238.6250
   20.7700    20.7500    -114.2350    -238.6250
   20.7700    20.7500     -93.4650    -238.6250
   20.7700    20.7500     -72.6950    -238.6250
   20.7700    20.7500     -51.9250    -238.6250
   20.7700    20.7500     -31.1550    -238.6250
   20.7700    20.7500     -10.3850    -238.6250
   20.7700    20.7500      10.3850    -238.6250
   20.7700    20.7500      31.1550    -238.6250
   20.7700    20.7500      51.9250    -238.6250
   20.7700    20.7500      72.6950    -238.6250
   20.7700    20.7500      93.4650    -238.6250
   20.7700    20.7500     114.2350    -238.6250
   20.7700    20.7500     135.0050    -238.6250
   20.7700    20.7500     155.7750    -238.6250
   20.7700    20.7500     176.5450    -238.6250
   20.7700    20.7500     197.3150    -238.6250
   20.7700    20.7500     218.0850    -238.6250
   20.7700    20.7500     238.8550    -238.6250
   20.7700    20.7500     259.6250    -238.6250
   20.7700    20.7500     280.3950    -238.6250
   20.7700    20.7500     301.1650    -238.6250
   20.7700    20.7500     321.9350    -238.6250
   20.7700    20.7500     342.7050    -238.6250
   20.7700    20.7500    -342.7050    -259.3750
   20.7700    20.7500    -321.9350    -259.3750
   20.7700    20.7500    -301.1650    -259.3750
   20.7700    20.7500    -280.3950    -259.3750
   20.7700    20.7500    -259.6250    -259.3750
   20.7700    20.7500    -238.8550    -259.3750
   20.7700    20.7500    -218.0850    -259.3750
   20.7700    20.7500    -197.3150    -259.3750
   20.7700    20.7500    -176.5450    -259.3750
   20.7700    20.7500    -155.7750    -259.3750
   20.7700    20.7500    -135.0050    -259.3750
   20.7700    20.7500    -114.2350    -259.3750
   20.7700    20.7500     -93.4650    -259.3750
   20.7700    20.7500     -72.6950    -259.3750
   20.7700    20.7500     -51.9250    -259.3750
   20.7700    20.7500     -31.1550    -259.3750
   20.7700    20.7500     -10.3850    -259.3750
   20.7700    20.7500      10.3850    -259.3750
   20.7700    20.7500      31.1550    -259.3750
   20.7700    20.7500      51.9250    -259.3750
   20.7700    20.7500      72.6950    -259.3750
   20.7700    20.7500      93.4650    -259.3750
   20.7700    20.7500     114.2350    -259.3750
   20.7700    20.7500     135.0050    -259.3750
   20.7700    20.7500     155.7750    -259.3750
   20.7700    20.7500     176.5450    -259.3750
   20.7700    20.7500     197.3150    -259.3750
   20.7700    20.7500     218.0850    -259.3750
   20.7700    20.7500     238.8550    -259.3750
   20.7700    20.7500     259.6250    -259.3750
   20.7700    20.7500     280.3950    -259.3750
   20.7700    20.7500     301.1650    -259.3750
   20.7700    20.7500     321.9350    -259.3750
   20.7700    20.7500     342.7050    -259.3750
   20.7700    20.7500    -342.7050    -280.1250
   20.7700    20.7500    -321.9350    -280.1250
   20.7700    20.7500    -301.1650    -280.1250
   20.7700    20.7500    -280.3950    -280.1250
   20.7700    20.7500    -259.6250    -280.1250
   20.7700    20.7500    -238.8550    -280.1250
   20.7700    20.7500    -218.0850    -280.1250
   20.7700    20.7500    -197.3150    -280.1250
   20.7700    20.7500    -176.5450    -280.1250
   20.7700    20.7500    -155.7750    -280.1250
   20.7700    20.7500    -135.0050    -280.1250
   20.7700    20.7500    -114.2350    -280.1250
   20.7700    20.7500     -93.4650    -280.1250
   20.7700    20.7500     -72.6950    -280.1250
   20.7700    20.7500     -51.9250    -280.1250
   20.7700    20.7500     -31.1550    -280.1250
   20.7700    20.7500     -10.3850    -280.1250
   20.7700    20.7500      10.3850    -280.1250
   20.7700    20.7500      31.1550    -280.1250
   20.7700    20.7500      51.9250    -280.1250
   20.7700    20.7500      72.6950    -280.1250
   20.7700    20.7500      93.4650    -280.1250
   20.7700    20.7500     114.2350    -280.1250
   20.7700    20.7500     135.0050    -280.1250
   20.7700    20.7500     155.7750    -280.1250
   20.7700    20.7500     176.5450    -280.1250
   20.7700    20.7500     197.3150    -280.1250
   20.7700    20.7500     218.0850    -280.1250
   20.7700    20.7500     238.8550    -280.1250
   20.7700    20.7500     259.6250    -280.1250
   20.7700    20.7500     280.3950    -280.1250
   20.7700    20.7500     301.1650    -280.1250
   20.7700    20.7500     321.9350    -280.1250
   20.7700    20.7500     342.7050    -280.1250
   20.7700    20.7500    -342.7050    -300.8750
   20.7700    20.7500    -321.9350    -300.8750
   20.7700    20.7500    -301.1650    -300.8750
   20.7700    20.7500    -280.3950    -300.8750
   20.7700    20.7500    -259.6250    -300.8750
   20.7700    20.7500    -238.8550    -300.8750
   20.7700    20.7500    -218.0850    -300.8750
   20.7700    20.7500    -197.3150    -300.8750
   20.7700    20.7500    -176.5450    -300.8750
   20.7700    20.7500    -155.7750    -300.8750
   20.7700    20.7500    -135.0050    -300.8750
   20.7700    20.7500    -114.2350    -300.8750
   20.7700    20.7500     -93.4650    -300.8750
   20.7700    20.7500     -72.6950    -300.8750
   20.7700    20.7500     -51.9250    -300.8750
   20.7700    20.7500     -31.1550    -300.8750
   20.7700    20.7500     -10.3850    -300.8750
   20.7700    20.7500      10.3850    -300.8750
   20.7700    20.7500      31.1550    -300.8750
   20.7700    20.7500      51.9250    -300.8750
   20.7700    20.7500      72.6950    -300.8750
   20.7700    20.7500      93.4650    -300.8750
   20.7700    20.7500     114.2350    -300.8750
   20.7700    20.7500     135.0050    -300.8750
   20.7700    20.7500     155.7750    -300.8750
   20.7700    20.7500     176.5450    -300.8750
   20.7700    20.7500     197.3150    -300.8750
   20.7700    20.7500     218.0850    -300.8750
   20.7700    20.7500     238.8550    -300.8750
   20.7700    20.7500     259.6250    -300.8750
   20.7700    20.7500     280.3950    -300.8750
   20.7700    20.7500     301.1650    -300.8750
   20.7700    20.7500     321.9350    -300.8750
   20.7700    20.7500     342.7050    -300.8750
   20.7700    20.7500    -342.7050    -321.6250
   20.7700    20.7500    -321.9350    -321.6250
   20.7700    20.7500    -301.1650    -321.6250
   20.7700    20.7500    -280.3950    -321.6250
   20.7700    20.7500    -259.6250    -321.6250
   20.7700    20.7500    -238.8550    -321.6250
   20.7700    20.7500    -218.0850    -321.6250
   20.7700    20.7500    -197.3150    -321.6250
   20.7700    20.7500    -176.5450    -321.6250
   20.7700    20.7500    -155.7750    -321.6250
   20.7700    20.7500    -135.0050    -321.6250
   20.7700    20.7500    -114.2350    -321.6250
   20.7700    20.7500     -93.4650    -321.6250
   20.7700    20.7500     -72.6950    -321.6250
   20.7700    20.7500     -51.9250    -321.6250
   20.7700    20.7500     -31.1550    -321.6250
   20.7700    20.7500     -10.3850    -321.6250
   20.7700    20.7500      10.3850    -321.6250
   20.7700    20.7500      31.1550    -321.6250
   20.7700    20.7500      51.9250    -321.6250
   20.7700    20.7500      72.6950    -321.6250
   20.7700    20.7500      93.4650    -321.6250
   20.7700    20.7500     114.2350    -321.6250
   20.7700    20.7500     135.0050    -321.6250
   20.7700    20.7500     155.7750    -321.6250
   20.7700    20.7500     176.5450    -321.6250
   20.7700    20.7500     197.3150    -321.6250
   20.7700    20.7500     218.0850    -321.6250
   20.7700    20.7500     238.8550    -321.6250
   20.7700    20.7500     259.6250    -321.6250
   20.7700    20.7500     280.3950    -321.6250
   20.7700    20.7500     301.1650    -321.6250
   20.7700    20.7500     321.9350    -321.6250
   20.7700    20.7500     342.7050    -321.6250
   20.7700    20.7500    -342.7050    -342.3750
   20.7700    20.7500    -321.9350    -342.3750
   20.7700    20.7500    -301.1650    -342.3750
   20.7700    20.7500    -280.3950    -342.3750
   20.7700    20.7500    -259.6250    -342.3750
   20.7700    20.7500    -238.8550    -342.3750
   20.7700    20.7500    -218.0850    -342.3750
   20.7700    20.7500    -197.3150    -342.3750
   20.7700    20.7500    -176.5450    -342.3750
   20.7700    20.7500    -155.7750    -342.3750
   20.7700    20.7500    -135.0050    -342.3750
   20.7700    20.7500    -114.2350    -342.3750
   20.7700    20.7500     -93.4650    -342.3750
   20.7700    20.7500     -72.6950    -342.3750
   20.7700    20.7500     -51.9250    -342.3750
   20.7700    20.7500     -31.1550    -342.3750
   20.7700    20.7500     -10.3850    -342.3750
   20.7700    20.7500      10.3850    -342.3750
   20.7700    20.7500      31.1550    -342.3750
   20.7700    20.7500      51.9250    -342.3750
   20.7700    20.7500      72.6950    -342.3750
   20.7700    20.7500      93.4650    -342.3750
   20.7700    20.7500     114.2350    -342.3750
   20.7700    20.7500     135.0050    -342.3750
   20.7700    20.7500     155.7750    -342.3750
   20.7700    20.7500     176.5450    -342.3750
   20.7700    20.7500     197.3150    -342.3750
   20.7700    20.7500     218.0850    -342.3750
   20.7700    20.7500     238.8550    -342.3750
   20.7700    20.7500     259.6250    -342.3750
   20.7700    20.7500     280.3950    -342.3750
   20.7700    20.7500     301.1650    -342.3750
   20.7700    20.7500     321.9350    -342.3750
   20.7700    20.7500     342.7050    -342.3750
